23157,26298
23051,26159
23389,26865
23347,26256
22796,41329
24989,25463
23074,39403
23527,26164
23284,25402
23071,26307
23438,26246
23242,25492
23434,25596
23328,26914
22959,25570
23275,26213
22906,26204
22846,26262
23105,26121
23074,26115
23647,25505
23096,27141
22905,26112
23255,26371
23055,25546
22932,27105
23328,26979
23034,26511
23453,26283
23197,26270
24949,25498
23683,26326
23082,25652
23383,26348
23765,45944
23432,26248
23293,25483
23758,25549
24041,25485
23844,26328
23581,26285
23480,26189
23675,25544
23685,26175
23349,26154
23732,26290
24116,26247
24244,26346
23543,26129
23798,26437
24116,26294
23759,26224
23720,39210
23537,26305
23411,27013
23604,26176
23607,26131
23750,25509
23811,26177
23664,25586
23593,25531
23391,26327
23781,41356
23848,41327
23742,41306
23843,25470
23384,26139
23922,26162
23771,26322
23556,26901
23759,25547
23455,26228
23814,26196
23467,26148
23313,26113
23761,26215
25786,26396
25972,25711
23651,41525
23865,26118
24046,26265
24312,26245
23738,26380
24060,26063
24346,26182
23830,25501
23791,26246
23340,26156
24067,26365
23535,25479
23596,25488
23718,26913
24397,26288
23161,26277
23420,26215
24236,26247
24249,26259
23770,26195
23920,26195
23481,26261
24905,26809
23847,26202
23995,25662
24382,26258
24302,26808
23822,26241
24793,26278
24360,26230
23744,26255
24401,26240
24314,26229
24257,26153
24039,25481
24038,26191
24054,26095
24145,25536
24499,26157
23977,26290
24328,25525
24226,25547
24147,26240
24438,26175
24389,26218
24523,41395
25249,26150
23675,26136
24107,26149
24000,26164
24126,26272
24781,26890
24519,26896
24722,26172
24818,25560
24340,26216
25092,26201
24488,26376
24845,26320
24542,26807
24580,25543
24538,26214
24623,25638
24438,26213
24779,26299
24302,26239
25233,26343
24278,26250
24667,26241
24339,41379
24537,26204
24895,26255
24983,26127
25168,26248
26145,26279
25203,26241
26021,25483
25330,26274
25558,25700
24959,26094
25239,25473
25613,26273
25218,25442
25158,25440
25372,25448
24933,26210
26027,25570
25334,26173
25149,26431
25447,26169
25890,26219
25111,26210
25196,26903
25382,26269
25343,26164
25522,26251
25527,26160
25090,41400
25645,25449
25858,26156
25936,26194
25787,26218
25414,26232
25846,26192
26086,26249
25787,26358
25736,26321
25133,25421
25838,26398
25503,26224
25497,26123
24866,26325
24992,26307
25613,25504
25561,27041
25751,25491
24892,26228
25015,25442
25481,25572
25562,26223
33008,26084
25988,26350
25643,26162
25179,26825
25382,26212
24975,26230
25180,26418
25380,26257
25350,26225
25435,25681
25592,25450
26086,25432
25680,25639
25465,26163
25474,26170
24916,25532
25826,26390
25606,26228
25947,26367
25096,26408
25482,26217
26066,26330
25036,26230
25293,26228
25965,25486
25139,26200
26100,26917
25724,26974
25134,26268
25565,25440
25761,26181
25411,26215
25698,25480
26272,26385
25681,26165
25948,26139
25966,42408
26223,25615
25972,25556
26155,26121
25914,26169
26176,26193
26915,25521
25211,26197
25376,26301
26230,26152
25185,26208
25729,25500
25721,26267
26049,25421
25816,26353
26503,26105
25933,25529
26000,26192
25820,26239
25917,26557
26148,26213
26515,26335
26003,25556
25841,26325
26020,26214
26349,26186
26599,26114
26740,26198
25668,26212
25975,26168
26540,26229
26043,26905
26020,26284
26164,26261
25799,26204
26672,26300
26886,26159
26273,25549
26640,26225
25738,26188
26219,26252
27742,26206
27109,26254
26568,26313
26782,26164
26628,25593
26143,26259
26488,26196
27293,26227
27176,26214
26745,26194
27066,26985
27104,26166
28168,26379
26050,26383
27375,26270
26299,25610
27041,26267
26347,26454
26771,26141
27190,26960
27387,26228
26761,25516
27443,26242
27096,41307
28701,41431
27401,26414
26928,25471
27851,26202
27243,25535
27314,26230
27185,26935
27625,26212
27428,26171
26699,41375
28403,41396
27598,26167
27074,26235
27360,26143
27168,26710
27444,26177
27439,25531
27101,26271
27353,26149
27429,26244
26997,26229
27553,26152
27649,26329
27282,26214
27451,25433
27440,26168
27678,39235
27498,26222
27264,26288
27383,26170
27927,26261
27330,25564
28931,25515
27646,26276
27446,26126
27401,26243
27354,41367
29648,54428
27522,41428
29283,26213
27501,26250
27607,25545
27666,26383
27703,26070
27314,26376
27990,26351
27676,25611
27183,26180
27431,25489
28609,26173
27252,26220
27661,26131
27394,27030
28891,25534
27538,26157
28959,26163
27667,26302
27399,26244
28429,26311
27775,26221
28142,26382
27614,26197
27653,26106
27766,25504
27920,26532
27913,26373
28057,26153
29005,27084
29029,26157
27819,25493
28964,26256
29188,26266
27754,26969
28074,26227
27530,26244
29137,26069
28307,25585
27482,26154
33417,26329
27836,26865
29460,26328
28892,26298
27899,26212
27606,26149
27923,25436
28825,26163
27687,26196
28572,26296
28128,26216
29539,25473
29091,26185
28322,26193
29112,26133
27587,41296
29421,26248
28382,26275
27613,26319
27754,26229
28200,26261
28658,25418
29211,32828
30834,25437
29573,26206
28641,26308
27615,26120
28418,26399
28357,26168
29107,26222
28785,26268
28701,41330
29359,41603
28676,41386
28314,26141
28775,26374
29181,26225
29170,26327
32269,26317
28311,26164
28124,26084
28723,26297
29076,25798
28601,26237
28963,26280
29004,26246
28418,25491
30272,25623
30609,25505
28745,26209
29686,41545
28617,26176
29174,26273
29857,26391
29488,25783
30831,26186
29662,26289
28973,26227
32738,26202
28810,26453
29155,26301
28596,25600
28263,25436
29023,26240
29472,26230
29765,26868
28734,25608
32853,26148
28631,26157
28966,26119
28249,26405
29654,26421
29188,26146
29042,25529
28416,25546
31226,26328
29287,26122
28886,25723
29489,25413
30938,26212
29092,26205
28302,26416
29130,26324
29763,26147
28933,26182
29803,26162
29482,26220
31256,26209
29127,26167
29737,25446
29136,25508
29836,26199
29841,26180
31802,26033
29285,26246
29196,41398
31671,25624
30213,26221
30584,26281
29386,26208
29898,26133
30538,26329
30282,26309
30950,26101
29607,26217
29605,26194
30272,26099
31646,26321
29863,26287
30274,26228
29091,26155
29355,26175
31120,26072
32063,26319
31117,26916
29718,26285
30497,26178
30579,26959
33280,26440
29867,26338
31749,25528
30649,26896
30641,26112
31763,26138
30301,26147
29828,27012
30306,26182
33450,26253
30077,26264
31080,25608
29679,26260
30635,26269
29766,26240
31712,25425
31998,26215
31597,26282
30821,27057
31167,26169
31167,26278
34414,26252
29789,25486
30174,26411
29634,25450
32066,26335
31877,25453
33840,26102
30715,25521
29668,25459
32365,26178
32263,26240
31624,26294
30597,26178
32903,25510
32570,25447
33330,26085
30789,26165
31109,26911
30993,25485
31145,26109
32688,26997
30783,26401
30904,26130
35872,26262
30286,26297
32917,26371
30187,25616
29853,26204
34816,26229
32178,26139
32875,26231
30048,26177
33448,25567
32257,26203
32157,26407
33345,25465
31220,26237
30309,26852
35539,25439
33643,26223
32422,26120
31673,26180
30988,25510
32784,26218
34525,26159
31669,26086
30639,26348
30369,25485
31332,25560
31865,26180
31249,25649
31546,26209
31047,26280
30767,26327
33950,41374
30478,41342
33716,25483
32391,26204
31756,26296
32757,25615
31296,41473
30619,25499
33158,26191
31364,26229
33584,26255
31723,26209
31493,26262
33011,26162
31592,26200
35589,27066
32960,26258
33900,26159
33157,26209
34849,54590
34200,26332
32636,26329
32106,26253
31872,26306
33162,26969
33031,25521
33693,26303
31151,26260
31788,26261
34012,26297
32610,26184
34348,27003
32596,26418
32173,26204
32013,26279
31843,26204
32019,26275
31488,26276
31061,26172
31302,26193
34000,26303
33820,25521
31904,26320
31607,26185
34896,26202
32619,41411
33310,26291
33412,26206
36032,41327
31588,25532
34408,41592
33652,26121
31619,26342
31584,25477
34167,26316
33050,26225
32978,26510
33595,25502
33047,26093
34302,26339
33169,26141
32575,26208
31945,25529
37066,25558
36257,26435
31546,26198
34847,25472
33882,26195
33492,26160
33180,26139
34384,25578
32476,26319
33628,26091
36606,26208
34216,26141
32662,26163
33702,26170
33571,41338
32984,41372
32603,26191
39062,26291
39288,26242
32760,25571
34010,26121
32728,26202
35454,25454
33263,41275
38920,26315
38877,26228
37208,26265
37112,26140
39573,26175
35987,26228
36967,26177
33308,26265
36707,26237
34153,26136
34600,26219
34415,26089
38089,25454
38504,26392
37463,26637
33951,26299
34354,25581
39182,26290
38805,26166
41303,26248
36952,26313
34048,26387
33572,26231
33119,26951
35652,26132
38908,26210
35204,26368
33896,25419
34743,25669
33949,26173
33840,26257
34582,25516
35474,25652
34695,26187
33480,26381
34702,27049
37325,26264
38581,26152
34005,26199
37610,26282
35393,26326
33137,26196
34024,26193
37046,26115
53198,27025
34058,26286
34487,26159
36278,25459
33989,25487
33281,26149
39421,26189
32418,26184
36251,26925
35220,25511
34372,26127
33317,26357
39003,41331
35122,25608
33971,41344
39062,25447
34652,26114
35840,25484
34550,25613
37989,41352
39114,26234
36237,26222
40200,26137
34639,26298
34709,26190
35103,26250
40943,26932
35048,26197
34746,26250
34303,26925
43720,26884
36955,26342
36727,26265
36190,26992
34115,26150
35933,26344
35486,26294
39749,26323
37326,26129
34390,26348
33419,25473
38728,25497
35570,26314
37888,26382
36389,26291
38074,26306
38860,26266
35945,26204
39680,26179
35399,26194
36033,32746
37284,27118
36726,26208
35443,26258
36209,26363
34983,26155
36030,26196
39836,25389
35443,26815
40318,26088
37867,26335
38574,26296
35759,25472
36727,27219
37401,41312
36199,41425
37477,25508
34366,25628
38013,41441
34928,26196
38548,26240
36283,26236
36115,26155
34870,26278
34734,26363
41571,26164
37665,25617
39383,25584
36758,26313
42196,26327
38618,26406
37614,25488
37447,25537
38536,26264
34438,26243
38081,41348
36768,41331
39263,26260
36837,25589
44624,41448
37905,26153
39883,25629
37869,26065
51621,26217
35934,26158
36745,26145
35973,26341
45161,26980
37415,26914
42341,26173
35727,26212
36809,26416
37180,26174
37428,26431
35423,26204
38430,27067
38531,25654
37204,26278
38208,26229
45292,26349
39841,26208
46826,26270
36604,26634
35673,26144
37440,26217
36931,26212
36524,25460
38758,26937
35817,26138
38802,26318
36862,26274
37372,26313
35907,26196
38953,26182
37490,39557
38706,26151
39915,26205
35512,26191
36003,41342
44101,25673
37663,26183
40991,26313
38529,25417
38069,26213
40291,26229
37357,25636
40124,26843
36478,26224
37206,26153
36668,26165
37953,26239
38075,26225
36601,25442
37195,26305
39548,26313
38130,26215
38671,26875
39242,26134
35411,26309
37117,26405
36712,41339
37000,26333
42447,26384
38716,26453
40070,25717
37364,26238
43066,26913
36706,26446
40980,26196
41195,26290
40233,26205
37432,26197
38792,25458
37410,26240
37423,26955
41606,26259
39492,26196
40864,41390
42982,41313
37451,41325
41663,25506
37644,41332
39127,26212
37009,26177
40268,26169
36823,27038
38481,25706
37888,26215
39089,25503
39866,26179
38137,26149
36064,25470
37648,25660
38532,25588
40034,26237
43087,25714
39725,26151
45922,26238
38953,26348
49943,41645
41856,25721
42352,26218
37961,25654
36482,26253
40478,26281
37906,25407
37997,25547
40971,26335
39219,26258
38079,25516
44317,26299
39097,26203
40818,26284
50332,25530
40208,26221
46356,27078
40146,26244
39952,26203
45414,26977
36581,26119
38602,25525
43210,26783
39312,26874
39577,25652
42059,25510
37300,25468
41288,25500
44983,26271
37246,26193
37590,26225
38429,26324
38392,39301
39546,26140
40930,25494
46389,26168
44428,26316
44468,26241
36944,25558
40044,25643
39223,26189
40982,26245
39156,26217
44575,26236
38965,26167
40661,26155
40992,26158
47725,26121
43162,25494
37930,26527
42066,25616
48182,26165
37965,26317
39952,26328
37429,26172
38684,26148
40339,26130
42987,25505
40214,41404
39469,26202
39031,26228
38792,26150
38346,26221
38823,26150
41824,26326
43168,26938
38677,26149
42201,25525
42481,26191
44661,25474
42518,26225
39797,26103
43494,26178
39909,26070
40301,25513
40608,25669
41319,25503
39221,26494
40188,25470
38960,41896
39845,26316
37630,26277
41467,25477
41694,26251
39037,26286
40918,26300
40343,26272
41259,26283
39346,25632
40436,26229
48436,26262
40802,26270
40891,41237
50367,41275
40612,25507
40252,26192
41341,25569
38687,26241
46174,25642
40067,26198
42274,26167
41787,26180
41020,26126
46925,26110
44050,26271
41936,26100
40236,26909
40074,26235
40105,26032
39807,26328
38575,26296
41093,26162
41671,25530
42345,26215
41383,26284
47222,26289
40000,25461
49171,26185
40693,26163
41278,26326
41677,26298
41591,26232
41092,25625
39376,26183
42789,26209
47220,25543
42891,26283
43617,25502
38607,25521
42893,26099
48148,26109
40820,26184
40485,26374
42638,53592
42252,26169
38976,26172
44195,25502
42021,26158
39378,26277
41291,26318
40705,26219
39946,26086
44324,26118
40686,25491
45282,25623
39952,41335
44568,26142
41357,25508
42222,25492
44072,26265
41390,25596
42845,26222
42542,27242
42228,26271
42520,26177
42012,26159
43476,26868
41525,26193
42661,25635
39959,25657
45921,26401
40539,25579
50367,26183
43627,26192
43588,26913
43300,26175
42232,26933
43598,26262
42324,26159
45335,26212
39736,26150
41831,26289
42381,26288
42895,26216
43969,25608
42239,25523
44109,26216
40579,25686
43258,26265
41852,26234
44510,25529
41507,26174
41124,26167
40555,25604
44423,26126
46055,27108
44589,26235
44440,26180
45940,26191
42364,26167
43634,26921
41944,26304
46643,26238
45861,26970
43369,26289
50217,41296
42633,26169
46114,25673
40240,26410
44023,25656
43009,25507
44714,26320
46719,26153
51546,26175
48564,26205
49965,26201
41626,26256
45564,41443
42998,25575
44814,26309
44125,26285
44143,26273
43107,26302
49008,57171
41155,26204
45603,26191
43814,26245
41673,26276
46014,26166
44624,26203
44263,26265
46867,26277
44056,26381
49179,26178
41961,26278
44637,26121
42170,25669
43248,25460
43118,25418
43382,25529
42428,25478
50871,26218
51471,26084
43255,25554
44477,26187
44368,27228
42275,26185
43464,26125
45253,26266
43783,25514
46036,26331
49282,25451
45182,26089
43281,25533
43433,26252
43432,26205
42074,26281
48129,26182
43602,26309
42210,26236
45731,26446
44773,26222
48109,26208
44714,25615
44532,26242
43105,26187
47242,26168
44611,26269
46240,26212
43889,26931
45694,26899
44599,25496
43589,26249
45614,26909
47229,26228
44634,26396
48669,26210
43568,26181
45793,26178
41466,25510
45626,26155
42902,26231
42782,25452
49992,26437
52508,26260
44072,25530
48605,26171
45030,26212
44070,26229
43001,26066
43571,26161
46704,26160
45404,26170
48209,26936
45108,25498
44630,25519
45271,26232
46449,26250
45196,26159
46418,26147
45138,25573
48366,26389
47467,25565
43420,26228
44855,25486
46250,25542
43168,26208
43936,26264
46783,26878
43625,30319
48388,25553
45164,25717
46748,26232
46768,25579
45763,26193
44297,26371
45784,26129
47719,26175
44255,26328
49455,26180
51231,55783
43338,26301
47703,27091
49786,26146
43865,27145
50580,26086
44245,26354
51203,26205
44186,26221
52429,26376
55069,25382
42966,26217
46979,25590
44833,26192
42539,25465
47032,26237
47612,26190
42341,25516
45820,27076
48501,26198
45891,26226
46626,26256
44511,26244
45219,26208
43867,26419
44436,26154
46668,26232
45479,26279
47008,26364
46204,25484
45454,25522
41970,26290
53364,26955
45502,26197
47149,26106
48211,26304
43292,26254
55066,26926
47317,26166
48919,26150
44190,25517
50226,26875
47253,27014
50574,25725
46385,26437
44450,32716
45271,26150
46629,26194
56355,26420
46419,25482
46474,25534
46509,26190
53445,26868
45376,26194
46935,27303
52351,26298
51163,26110
47887,26446
46840,25452
51232,26861
48391,26160
49353,25426
43666,26949
45282,26246
47999,26216
44963,25690
50370,26156
51573,26107
45790,26170
44063,26247
43969,25467
45321,26157
48454,26322
45886,25491
49426,26114
46635,25647
48040,41363
46798,41349
51351,26253
46812,26131
49118,25542
49976,27108
47909,26832
45780,26280
49290,26151
46934,26137
47642,25432
42765,26259
48289,26173
43833,26156
49736,26238
45298,25548
50323,25503
47768,26263
46926,25484
44843,26183
46134,26238
48148,26967
47453,26160
52578,41492
46646,26286
45800,26259
46092,26183
46757,26163
49553,26369
48059,26282
47440,26122
46381,26302
47132,26160
49848,25586
48264,25575
49741,26268
56772,26231
47488,26804
50058,26374
49257,25542
45289,26105
44848,26208
49717,26959
51104,26217
53363,26306
52868,26180
47095,26216
50439,26159
45187,26242
54002,26283
49289,26240
45022,25616
45602,26192
46056,25424
48415,26278
46540,56650
49943,26174
44160,26186
46242,26199
49605,26180
45971,26257
53488,25476
48255,26109
47815,26208
47091,26245
46724,26292
51624,25452
46705,25508
49694,26219
44744,26320
53495,26326
49552,26198
48030,25471
52739,25493
46590,26193
57237,26318
51026,26116
47258,26340
49676,26996
55009,26964
54298,26212
45957,26156
48818,26177
55578,41538
56637,25697
50859,41326
52954,26157
44957,26203
50049,25437
45380,25705
47856,26278
48368,26331
48227,26410
50389,26378
49813,26271
53081,25612
51370,26268
49268,26183
51372,26254
47263,26178
48611,26197
49848,26284
47598,31167
47354,26815
50664,26256
54236,26284
47469,26156
52615,26341
50170,26206
48037,26835
51937,26157
49737,26298
52092,26122
55018,26241
44643,26214
48024,26300
54502,26218
46883,25466
51565,26197
51504,26220
50577,26160
47833,26224
50916,27026
50047,41383
52348,25388
50588,26210
49198,26370
51041,41280
51269,53999
54540,41429
47910,26118
52374,26134
49244,26201
51681,26240
54068,26195
60003,26396
51015,25436
49175,26345
48969,26263
47002,26283
47797,26213
47570,26177
54818,25631
48321,26248
52430,41372
59679,26146
46881,26315
46431,25519
51533,25526
47989,25597
51153,26184
48355,25702
48653,26174
46712,25689
52262,25550
47121,25474
52549,26278
57670,26234
48484,27281
47900,25572
48047,26151
48470,26309
47397,26205
50279,26111
50154,26279
52394,26193
47220,26867
50456,26883
51016,25491
51326,26235
49345,26276
57730,26251
51417,26185
49040,26226
50028,26214
48674,26278
46821,26123
50068,26179
51573,26139
49079,25454
55435,25458
54281,26938
51391,26214
55548,26206
53312,26211
50407,26227
49145,26159
52224,26202
52631,26294
49882,26172
50063,26264
52976,26202
51379,26325
52791,25489
51988,26219
50490,26297
49469,26183
52087,26213
57761,41502
53112,25472
49896,26254
50369,26215
51423,26337
47263,27104
53802,26123
48538,27016
53696,25701
54001,25481
52200,26273
52622,26324
53034,26400
56696,26222
51253,26344
48821,26178
52203,26207
48174,25550
51248,26198
58182,26303
48699,26238
49920,26210
52770,26289
51754,27083
51620,26149
51998,26272
48712,26227
52051,26127
51991,26255
55473,26227
50627,26876
53869,26208
48355,26260
50152,26181
50747,26162
49846,25470
48710,26268
50081,26213
52405,26200
54439,25700
52985,41396
55275,26134
55495,26207
50422,26325
51114,26098
56952,26280
50935,26225
51175,25451
51488,27045
51992,26426
53718,25560
55903,26135
47417,26213
53280,25481
52054,25588
55878,26233
49173,26248
48966,26180
47929,26295
54169,26327
50353,25562
50427,26161
49175,26130
52550,25561
52576,26235
59105,26192
55062,25478
52317,26148
56188,26225
57031,26140
50361,26158
55355,25473
53409,26266
53498,25702
48178,25374
50964,26438
49914,26891
48850,26246
57464,26261
49248,26193
57494,26174
53505,26180
53931,26183
52116,25499
55870,26138
52698,26247
53678,26125
50749,26246
58374,26212
57925,26286
54016,26261
50457,26164
52256,26247
50974,26172
50602,25733
52145,41506
50912,41505
51000,41504
58174,26311
54909,26108
51448,26219
56175,26255
55125,26375
54673,25466
50649,25467
55919,26348
60346,26138
60801,26376
50695,26188
56486,26094
54456,26453
54538,26187
50405,26319
53142,26213
55681,26211
49308,25521
50038,26190
54921,26172
52647,26388
58284,25678
51778,41415
54242,41364
55202,41508
52212,41371
52390,41356
56458,26181
48879,28507
52099,26321
50931,26289
56695,25549
52675,25463
53905,26312
53062,26189
50589,26268
55285,25551
56493,25472
53538,26156
56677,26310
49989,26255
49895,26221
57443,26936
52956,26284
59238,26357
55504,26214
50530,26308
54432,26204
51714,25496
54768,25781
53511,26127
58295,26143
53972,25423
53258,26192
55997,25649
56009,26349
54575,25458
52478,26212
52044,26439
57072,26952
54262,26183
50908,25521
55832,26242
51036,26929
56034,26262
54250,26229
53125,25541
53880,26248
55184,26225
50595,26170
54275,25563
57343,25463
55311,26216
56002,26137
51709,26298
52801,26230
60461,26257
54182,26128
58912,26261
54200,26156
51204,26278
59969,26226
54115,26380
53845,26268
51739,26135
58715,26322
52662,26179
50122,26363
60059,25496
55145,26187
60382,26363
57635,26298
56867,26202
54079,26292
54518,26389
57340,26331
57766,25424
57090,26173
60377,26255
52404,26922
50719,26187
62515,26313
54905,26279
58292,27045
51960,26219
52126,25570
53043,26194
53514,25588
51765,26246
59666,26845
56039,26256
52037,26294
59600,26126
51009,25690
53534,26207
57309,25675
57538,25438
55489,26417
53026,27043
55214,26274
63027,26232
60641,26340
53491,26918
54279,26274
53563,26257
52862,25472
54647,41346
51628,26174
58646,26252
60917,26264
57494,25479
53304,26228
54995,25500
54640,26147
59969,26173
54143,26131
56361,26324
60448,25515
57687,26965
59343,26203
56424,26187
55588,26232
54879,26233
54248,26238
59281,26241
54830,26094
49883,26240
64266,26282
55528,26240
57202,26287
56610,25567
52258,26163
52334,39145
54641,26144
59862,25496
55894,25476
53557,25656
57863,26171
59736,25568
52490,26289
52057,26254
54617,26151
59639,26137
57558,26194
59916,25440
52273,26294
57286,26200
54637,26332
54160,25571
56732,27033
59245,26222
59232,26285
56128,39259
65307,26181
53492,26258
53551,26259
61068,26221
51947,26221
60245,26159
54660,25530
54591,26341
58273,25535
57275,26183
55800,41331
62705,26242
58356,25448
60839,26140
63131,26456
53698,26181
55572,26230
60281,26271
53209,25450
64385,26247
59459,25714
63272,26176
57923,25574
53899,26362
56823,26254
59019,25483
54396,25523
53497,25479
56643,41491
61004,25612
57645,26320
57735,26155
58633,26203
59213,26189
55606,26300
54234,26191
61294,26383
59174,25592
53498,26206
54326,26312
61614,25519
60894,26161
55238,26154
57734,26145
58163,27003
59258,26284
62581,25622
58748,26175
59643,26133
53424,25514
63095,25575
57721,26178
55337,26142
54914,26284
60286,25450
57296,25519
63874,25620
59378,26178
57251,26860
55727,25448
57400,25559
55737,25561
54295,25480
54316,26167
54757,26351
57119,26264
53194,26226
56428,27352
56174,25595
54166,26916
57480,26147
56758,26927
55340,26240
55210,26172
58881,26307
66247,26267
67684,41487
57560,41545
55807,26269
54875,25375
58554,41533
61174,41426
60141,25479
58741,26250
57788,26194
54651,26230
56408,26228
56228,41377
56865,54517
62194,54423
57190,25498
55866,26421
55060,26176
59629,26200
56346,26229
62882,26265
54676,26151
62544,26266
54783,41325
62732,25581
60139,41300
60195,26181
59997,41446
53148,25615
53927,41396
54780,25479
56025,26303
61419,26183
55508,26207
56405,26206
54292,26254
62979,26302
65636,26809
55146,26436
63051,26143
59285,25483
58179,26981
62105,26444
58351,26331
57954,26253
62934,26232
60257,26292
56369,26215
58958,26397
56189,26453
55910,26417
55598,26238
58400,26184
60179,26207
55815,25622
59086,26294
54577,41344
61594,41528
59607,25625
57164,26193
60661,26108
62174,26144
61304,25494
56156,26111
61973,25488
56243,26210
58190,26211
57188,26266
55469,26222
61419,26179
62821,25498
58459,25561
66429,26214
60582,26146
55649,25484
55509,26918
57407,26319
58518,26253
57073,26256
57770,26230
62750,26392
61079,26274
60926,26216
56569,26319
60467,26225
61725,26168
59325,26168
57503,25519
57192,26180
62565,26183
53672,26142
55696,26902
57968,26200
58484,25478
55868,26320
56627,26236
55755,26205
58861,26166
65925,25597
64195,26141
56772,26194
62587,25496
58622,26167
57768,26131
60727,26364
59305,25517
58698,25699
64514,26316
64201,25497
56772,26230
57125,26356
58120,26251
57906,26068
58596,26143
60711,27055
59751,31194
60660,26310
56339,26158
59785,26265
59553,26190
62169,26147
56689,26097
64338,26224
57256,26860
57951,25563
57409,26141
61462,25465
59839,26251
65112,26232
58296,26176
58266,26328
59438,26190
60161,26137
61405,26155
61960,25634
55851,26242
58882,25533
56932,26210
58214,26397
58980,26216
64313,26291
59539,32296
60297,25721
60098,26067
59232,41323
65357,26240
59739,26118
59912,26181
57667,26168
56707,26279
61934,26167
58771,25608
61135,26175
56838,26224
58955,26943
58211,26384
58800,26200
56005,26401
63173,26193
60493,26275
68621,25548
55680,26159
55601,25574
61409,26179
65251,26264
64874,25424
58816,26978
62372,25431
56302,25474
60844,26081
61772,25412
57689,26187
55406,25540
59731,25493
60402,26436
60297,26196
65536,25709
60472,26342
60835,26133
61739,26173
60299,26291
59579,25536
61659,26251
60854,26146
71818,25559
62445,26142
60422,26861
64796,25463
64568,26329
63711,26189
59757,26178
65004,26239
59277,26884
62408,26242
67180,25549
63608,26175
64671,25419
66478,26316
58080,26940
60127,41382
59505,26262
62819,26180
63307,26271
59614,26225
58006,25408
58732,26296
61551,26351
59620,27095
58832,25477
58933,26838
66916,26198
63435,25533
66615,26211
62818,26180
61867,26255
60774,25449
60758,26092
60542,26929
59713,26244
66222,26241
62135,26287
67241,26241
59370,26191
59480,26174
66360,26244
61629,26337
59014,26332
64191,25499
60557,26323
64453,26154
60920,26991
59061,26961
65319,26159
67005,26059
64451,25447
62730,26194
62075,26275
59702,26235
63669,26240
61383,26588
63203,26192
60397,26250
60886,26340
62835,72036
60679,26136
60969,44346
63684,25561
58577,25504
60618,26293
60772,26260
70332,26125
64496,26147
60047,26199
62084,26267
59791,27012
64109,26291
62572,26380
63707,26139
67511,26244
61855,26985
62371,25735
64214,25603
59569,26154
63087,26211
59752,26138
61900,26218
63528,26178
59881,26214
62146,26326
59935,26215
63845,25999
61371,25706
60625,26167
61630,26349
63956,26145
63110,26217
63915,25478
62361,26241
59249,26176
59878,26215
59917,26228
58149,25593
61756,25693
61578,26406
63443,26175
61087,25774
66267,26263
60917,26221
61146,26218
61934,26244
62872,26317
63339,26216
63529,41486
63343,26196
59922,26232
66243,26192
65233,26138
61629,41411
59312,26164
69373,25483
60698,26930
64939,25575
63190,26266
64015,26181
60606,25496
62452,26151
61969,25499
65206,26089
67293,30972
62580,26379
65136,25643
67366,26311
60824,26147
63459,26128
61264,55883
61328,26109
60240,25635
62124,26187
60791,25727
62603,25477
61703,26956
66356,26208
63210,26182
62170,25422
65168,26288
60406,26158
59930,26288
60146,25584
67694,26144
68807,26295
60289,25440
65175,26314
64439,25475
65671,25465
63273,26239
61126,26264
62892,26090
62262,26474
69828,26163
60927,26319
62048,26124
67515,25543
65957,26143
64731,26849
61221,25421
70314,26159
64245,26212
62851,26387
62287,26170
62329,26344
61716,26305
61806,26246
62294,25460
61304,26200
66050,26246
69514,26302
61309,26222
64748,26226
61646,25472
65207,25497
70590,26232
62043,41340
67570,26199
60147,25734
72848,26257
67235,26244
70894,26306
66750,26379
62691,25491
64099,26108
66507,26282
63550,25681
62681,26119
63103,26184
66773,26180
62287,26131
65520,25434
70557,25483
68075,26181
62265,26221
69904,26205
61839,26129
64601,25612
62115,26891
60217,26198
61319,26198
66190,26204
64962,26119
66075,26272
64650,26282
61440,25496
65223,26246
65988,26127
75479,26235
60800,26174
62953,26162
63861,26900
61417,26394
64382,25516
61373,27132
63469,25614
66505,26121
65630,26272
64273,26169
63446,26217
60683,26355
67463,26141
68457,26954
64451,26238
65279,26192
69029,26232
66935,26217
63849,26184
60976,26344
62231,26142
61926,26222
69851,26315
62764,25442
68138,26242
59997,25558
69931,26329
64154,26167
64136,25376
63272,26196
64427,25489
66367,25514
69240,26248
62759,25679
65264,54558
64059,26222
62539,26209
64339,26352
69504,42519
64519,41409
68304,41443
74357,41294
63757,41391
70747,41453
66113,25527
62760,26148
63732,26161
62628,26234
65582,25542
64151,26180
63057,26192
66295,26153
65042,26317
67958,25482
65212,26203
62385,25584
62130,26186
65775,26275
72247,25501
63830,26280
66657,26181
66455,26232
67075,26344
73168,26226
64739,26165
66738,26198
62843,25534
65558,39916
66092,26195
65669,26247
64785,25513
65220,25486
69963,26273
70732,25600
66334,26325
63616,25711
64264,26185
69196,26130
64936,26058
64072,26168
65304,26348
67232,26207
65284,26108
64742,25503
65855,26288
63327,25510
68139,26356
68754,26221
60936,26155
68013,26108
63713,26243
68751,26880
65350,25487
66821,26245
64447,41408
66471,26952
71055,26220
64211,26274
64978,26154
68342,26146
69148,25614
69148,26086
67699,26264
60939,26295
67095,25455
63786,25441
67809,25468
67993,26172
65501,26266
64537,26321
83263,25435
64297,25538
65625,26169
66737,31815
62496,26319
68177,26906
65999,26206
66801,26159
66047,26205
67763,26203
63774,26243
69487,26201
65988,26259
62899,54517
65439,26267
70859,26292
70424,26131
65302,26276
67289,26207
66001,26262
68417,26253
66642,41273
67741,26376
66750,26367
62500,41327
63171,25424
66050,26889
63746,26206
66246,26301
70007,26258
63712,41316
68795,41481
63646,26162
64982,26287
66064,26176
68021,25586
64126,26180
65127,26462
66288,26103
66090,25489
69513,26208
63798,40407
63065,26237
64678,26222
67261,26278
64996,26865
68571,26174
64862,26146
66455,26237
66864,26308
67198,26148
70612,26302
66541,26289
74806,26257
65511,26296
66072,26182
64617,26302
68694,25561
71242,27054
67925,26157
69431,26182
68793,26084
69715,26345
66167,26239
68423,25524
73793,26176
66774,27008
69672,26251
71716,26934
69558,26178
69215,26203
65440,26316
70394,26292
69992,26274
69379,25649
65350,26121
67430,26310
64882,26093
65584,26476
63564,26213
70201,26154
72396,25632
67641,26195
68298,26149
66660,26144
67303,26365
69379,26328
69392,26145
66047,26278
67668,26315
67663,26152
68977,25453
66021,26100
66901,26179
66090,26352
71425,26255
65479,26219
66255,25517
65246,26261
74566,26227
65177,26196
70975,26186
63324,26213
63365,26147
72411,25521
66558,26153
74353,41520
69589,26151
66875,26136
69992,26260
71916,41355
70426,26235
67885,26195
72496,26249
67188,39301
65920,25460
67234,26197
67079,25527
74388,26300
73798,26220
71513,26206
67993,26198
64973,26282
69099,26360
69401,25619
67407,26179
68932,26255
69833,26291
64061,26239
71049,26318
68497,52331
70463,26183
69275,26228
67983,26203
76716,26131
67008,26198
70084,26175
67688,74943
68794,26296
64071,25546
67157,26283
71635,26149
67814,25453
65427,27163
67922,26233
63654,26225
73547,26239
67110,26300
69030,26300
68524,25512
65029,26230
67998,25551
64440,26225
69337,25459
70461,25485
65533,26205
69332,26134
67765,26159
66903,26172
71559,26980
71392,26258
68806,26208
68244,26341
72256,41338
72218,41400
72069,41375
65787,26216
66668,26194
66978,26305
68642,26295
68099,26240
67235,26142
66257,25602
73511,25537
68721,26313
71064,41313
67693,26278
70819,25496
68457,25401
67952,27057
76433,25471
69110,26150
66960,27204
66426,26827
69542,26211
69830,25616
68527,26069
71323,27031
68942,26220
71417,26158
66763,26197
67887,26288
70300,26179
67356,26152
68096,25548
69352,42482
68128,26098
75391,26184
68237,26197
70944,26209
70279,26190
69835,27006
69282,25528
65536,26866
71240,25462
67774,25640
70700,26157
64058,26450
71672,26236
75706,26164
65922,26242
72442,26085
69978,25462
68366,26200
67940,26322
69661,25548
70884,26200
65342,25510
74305,26208
71004,26412
71973,26371
68965,26167
73600,25596
69267,26357
68922,26193
71661,25623
73011,26277
66587,26345
70969,26216
68638,26380
68496,26313
72529,26192
68556,26183
69203,26179
65321,25496
69299,26199
75321,26124
71418,26264
72798,26284
71926,25510
67693,26981
68685,26207
70992,26178
72053,26183
63908,26215
71948,26267
69538,26263
73351,26180
71547,26355
67599,26231
68917,26196
70941,25738
69639,41357
65415,26226
67136,25472
67764,26037
68895,26253
67531,26246
72313,25475
68517,26149
69531,26899
67846,41348
69460,41332
70114,25449
72485,25534
72450,26226
70023,26337
68675,26226
71639,26185
69352,26299
67142,26279
65993,26171
69673,26141
67262,26197
66992,26354
66205,25684
70693,26098
75965,25416
67403,26128
67357,26181
71582,26377
67054,26305
76794,26140
71145,26389
67068,26226
69383,26178
74217,26322
70567,26339
70707,26231
77030,26948
70978,26108
74859,25477
75205,26318
71521,26219
68724,26255
69397,25543
73919,25479
67149,26200
68505,26379
73804,26194
68743,26266
71488,26172
74179,26369
72114,25535
72985,27026
74263,26283
68037,26404
69648,26168
71317,26128
68670,26410
80812,25734
66436,26272
70230,26161
70375,25428
68711,26202
66193,26237
66511,26305
69717,26326
70656,26257
70604,26317
75219,25512
70606,26901
69465,25525
69377,26213
69298,26206
71038,26849
66882,26331
70257,26226
68687,26204
69586,26320
70211,26140
70902,26183
72430,26231
65978,25593
68571,26280
67173,26191
70556,26125
72987,26290
71969,26185
66582,25490
72174,25514
74124,25733
77763,25640
71955,26339
68898,25467
70198,26157
72469,25455
74220,25457
67727,25656
65090,26918
69036,26315
68840,26293
65489,26252
68535,26269
76226,25474
71574,25466
67608,25563
70955,25641
75880,26994
75057,26161
75419,26163
70267,25485
74795,25607
73130,26126
67394,26209
71112,26201
73716,26042
70297,26190
72116,25651
74988,25643
71074,26242
64359,26323
68904,26176
71374,27875
71577,26185
69962,26171
70612,26179
71203,26234
68001,26327
75858,26177
69824,26136
66525,26281
76503,26211
74996,26277
72907,26484
73500,26291
70520,25494
75423,26269
73449,25414
70944,26148
72833,26112
76991,26252
69491,26262
76188,26246
70392,26341
72957,26316
68167,26227
73333,26218
69367,26327
70569,26342
73316,26278
71426,25428
78189,26267
70015,26218
75672,27020
72502,26263
68754,25518
75214,26198
70715,26353
69841,26260
66592,31618
73876,26217
69190,26395
70985,26143
72404,26176
74886,26297
70304,27031
66936,26279
69146,26420
66398,26143
74822,26926
74524,25519
68814,26254
69934,25424
78561,25540
65495,26207
71351,26281
70982,25438
70960,26222
68430,25551
74056,26275
66646,26166
73301,26306
72639,26277
68729,25593
69860,26227
76266,26152
74155,26310
69040,26187
71546,25565
75655,26301
69462,26208
67060,26171
77360,26143
68142,26302
71483,26242
71876,25466
74069,26878
71716,26184
72725,54832
69795,26220
69879,25402
77762,26153
71208,26140
73227,26848
73456,26202
75602,26177
74948,26949
70208,26158
73607,26212
78581,25607
70167,26222
70016,26198
70745,26191
76789,25502
71537,25537
68383,25572
73597,41355
71520,25483
77434,26300
67237,26289
76359,26179
70326,26224
72255,26383
73229,25565
76302,26217
77336,26141
69651,26179
70238,26815
68817,26277
67435,26164
70491,26216
69831,26173
73916,26243
98442,25468
75443,25450
71733,26170
70739,26289
71602,26243
71891,26569
70864,26199
73115,26230
70196,26229
75300,26102
72325,26257
73249,26397
71646,26291
73758,26927
69437,26211
75240,46325
72484,26297
69408,52451
69892,26184
70260,26094
75490,26187
68322,26205
72732,26474
67734,26315
75856,25558
69319,26235
69923,26993
69534,25500
71527,26355
74402,25557
71933,26264
70508,39438
72259,26270
78652,26304
78183,25501
72423,26212
74675,26211
70100,26345
70009,26238
73453,26176
72415,26351
71093,26368
72495,25526
74076,26297
76334,26155
71205,26340
70166,25604
83176,26527
70172,26171
74451,26127
73065,25465
74899,26077
73317,26144
72920,26318
73497,26182
78659,26209
71119,26141
72274,26207
66990,26184
67748,26162
76463,26215
74738,26255
74226,26223
68681,26859
74537,26926
69912,25548
73056,26306
75714,25502
68830,25609
71841,26565
71366,26153
69698,41354
75891,26185
75379,26375
71896,26143
74159,26175
74144,26211
68241,25527
71515,26195
72335,25671
72903,43605
75066,25443
72186,25700
74584,25710
76282,26153
74544,26403
79148,26331
71541,26194
70788,26265
75146,26336
73068,26290
77593,25613
76591,26155
74822,25455
79040,26306
71182,26262
68022,26171
69427,25490
78929,25565
72023,25506
71861,25592
77956,25511
78616,25419
72019,26219
73479,26805
74866,26991
74710,26265
74874,26177
72420,25424
73418,26292
79277,26217
71628,26148
75673,26136
72539,26225
69051,25699
71474,26241
75217,26378
72803,26222
75451,26247
72492,26943
75256,26356
75403,25513
78880,26155
73214,41384
71729,26388
70031,26187
74895,26173
70693,26380
70680,26161
73916,26177
78995,26244
71403,26199
67832,25760
72715,25512
74334,26190
76783,26202
79623,26185
75352,26179
74959,26193
73364,26210
71275,26365
75423,26186
75721,26171
73976,26284
71894,26183
70273,26098
73778,42747
74795,39328
72414,26998
70549,26268
74916,26913
73265,27190
78217,26118
72805,26849
71230,25512
73149,26950
74400,25453
79430,26193
73658,26118
81637,26182
75334,26316
73957,26240
80389,26210
81216,26902
70980,26357
75977,26234
73226,26172
75451,26980
88312,26153
73591,26956
77350,26863
75414,25565
73129,26136
72191,25394
74702,26194
74866,26245
70539,26140
74398,26284
74898,26290
72027,26176
83577,26237
76043,26350
71949,26193
68974,25422
76491,25461
73492,25527
74170,26303
72104,26324
68574,25503
74985,25492
71504,25542
72986,25733
74251,26171
72427,25435
73753,25459
76933,25471
79036,26164
71003,26148
77151,26167
75924,26258
76761,26182
78236,42402
79439,41305
81798,25589
75552,25413
76387,41450
71379,41460
73312,41297
71943,27019
72757,26896
74140,25530
77535,26275
72805,26331
73343,25435
74786,27032
72038,25622
75193,26314
74460,26178
74578,26126
76897,26201
74848,26299
67910,26242
73569,26202
72690,26270
78457,26915
77640,26820
75156,26205
80089,26267
73289,26275
75203,25516
79883,26281
75815,26170
77387,26050
79951,26199
77569,26278
82786,25468
80641,25572
82821,26074
81531,26198
83011,25752
76680,26229
77339,26462
76894,25493
75624,52857
76500,26120
71494,26183
75710,26164
76608,27103
77228,25522
76350,26292
75768,26181
75210,26221
78314,26113
73064,26401
74329,26295
77426,26430
76862,26186
73736,26185
74085,26334
83224,26158
75205,26229
78010,26233
70720,26393
76865,26204
72755,27306
75403,26235
76094,26239
75418,26301
76600,26172
78913,41375
78462,26827
77623,26183
71854,25443
71748,41320
73030,41378
75386,41357
79607,26108
76604,26154
78607,25517
81391,41332
75172,25491
76179,25543
79196,25486
75567,26248
72219,26116
81852,26140
75943,26236
70843,26193
77906,26293
78924,26290
75777,26229
74836,25478
78456,26183
78115,26968
80926,26134
72389,26147
77757,26242
71990,26277
74333,26178
78306,25546
74281,26288
80688,26127
74731,26326
76247,26143
75203,26156
74577,25495
77072,26205
72601,26183
74335,26263
70199,26264
75222,26358
77302,26963
73135,25612
73904,26337
81679,25517
75482,25470
71309,26449
77550,32444
75325,26189
78772,26330
70975,26180
78169,26160
83134,25434
77623,26130
74689,25595
77548,25507
78167,25473
71894,26246
78171,26317
77250,26261
78435,25486
76858,27071
79678,26132
79881,41293
74497,26167
75484,26186
77222,26314
75431,41383
82512,25666
73154,39308
77781,41305
76938,26286
74268,26321
74145,25620
79728,26196
71731,26230
82281,26299
79072,25615
74404,26190
78907,26150
80915,26365
75616,26328
81512,26237
71213,26210
77318,26245
79177,26160
77009,26310
77610,26191
77070,25517
72141,26078
84540,26127
73188,26202
73124,26311
83099,26248
81019,26327
74291,26162
73154,26258
80375,25498
76283,25394
76568,26205
77212,25406
82628,25481
80411,26118
74931,26204
76035,26240
74399,26345
79276,26865
81188,26409
78978,26191
78030,26089
72417,25478
73936,26192
79200,25461
73860,26226
78595,25527
75484,26240
77665,26253
81196,26075
81258,26434
74920,26869
80090,26139
78034,26231
78697,26142
78231,26235
75957,25493
78168,27067
85671,25738
75972,26222
76575,25420
75038,25535
78723,26393
83936,26221
78421,25476
77508,41405
80874,41406
81938,25445
76928,26449
79797,26267
75854,26236
78694,26315
77106,25487
71909,25631
77103,26355
72537,27011
75577,26190
79897,26298
78157,25498
75012,26182
78625,26242
79739,25753
78951,26176
77298,26268
79109,26311
82187,26217
78574,26139
77966,25556
80440,27020
79680,26291
74385,25487
81194,26096
78260,26160
76793,26319
74911,26829
80346,26304
77787,26281
75938,26151
80548,25440
81710,26265
78845,25416
80131,26231
78271,26373
75674,26219
79045,26129
81507,26194
76321,26239
77893,26261
75885,26925
82783,26218
85058,26177
74183,26131
74424,26230
74967,26263
80350,26180
79619,26201
78072,26302
84821,26177
78430,25354
81254,26140
78765,26212
72105,25548
78596,26248
80994,26200
79753,25408
73539,26138
76352,27003
73774,25478
76289,26868
81983,26168
74032,26163
78165,25469
77959,26138
80768,25455
75391,26313
77059,26252
80917,26377
84234,26151
76814,26370
83852,25568
81188,26297
74368,25531
78041,25443
78254,26089
81553,26319
83717,26290
83129,26190
77218,26365
81555,26253
83813,26360
76327,25543
73719,26225
79512,25465
77853,26119
76941,26367
75616,26517
77536,26145
79628,26325
78579,26249
81783,26122
81041,26150
80889,26226
82758,25497
79283,26248
77852,26356
77007,26231
81441,25594
78855,25501
84630,31522
77196,26258
80534,26118
77142,26179
84193,26239
77781,25491
77137,27032
79122,25443
78298,26120
76557,26205
75832,26143
79096,25479
87641,25638
78290,26255
80806,26150
75894,26208
79444,26323
79466,26206
79696,26340
77462,26377
83269,56156
80960,25507
77367,26903
81619,26174
84660,26097
78702,26213
84473,25457
80399,26119
80172,26208
79408,26292
79567,26197
83806,26197
76148,26292
75478,25512
79691,26261
76588,26261
82956,26388
77234,26208
79271,26181
80745,26217
79786,26210
79756,26294
78222,26164
76730,26281
76302,26282
84600,25640
80639,26220
86682,26193
78365,26196
79518,25523
79905,26243
76077,26055
81036,26241
75033,26231
76347,25555
75530,26190
76360,25479
80219,26228
73486,25486
80408,26450
78575,25497
77809,26253
78331,26198
80414,26257
80395,26182
74847,26265
78547,25417
81601,26851
80400,26141
77348,27077
78736,26263
80888,26205
77506,26197
78970,26032
77191,26188
86366,25593
85946,25471
84064,25496
75224,26288
81583,26180
79215,26119
79899,26328
75906,25600
82004,26249
83182,26284
81599,25499
83077,41318
87732,25434
84419,25576
77099,41353
81949,26242
81717,26171
83401,26244
82081,26166
78609,26192
80895,26102
79134,26259
85544,26909
86279,26182
81102,26218
81773,26268
81799,26261
81676,26283
76603,26194
83117,26228
76646,26367
80915,26192
80885,26186
73675,26257
80057,26845
76976,26286
78132,25526
78875,26313
77118,26330
79430,26394
77647,41332
73777,26185
86107,26221
78050,26222
82508,26246
79987,25495
78990,25492
80213,25571
77205,26195
82993,26177
79342,26119
81822,26372
76652,26338
88551,25692
81693,26169
75976,26191
75938,25476
75432,27064
81711,26285
77232,25560
76923,26816
84294,26166
76640,26174
77506,26907
85065,26311
79916,30723
82668,27037
81953,25653
80386,26339
79524,26179
83529,25523
76349,25722
77515,26221
81987,26168
81547,26129
81472,26279
82582,25544
82295,25468
80173,26258
80302,26224
83666,25636
77729,26242
85391,26120
75477,26241
82248,26250
74444,26325
83331,25437
83153,26109
79768,26246
81502,26170
81757,27222
78571,26198
82086,26133
83076,26238
81876,25630
80973,25504
82351,26280
83402,26210
84114,26928
76206,26259
79962,26257
85576,26300
79676,26194
76497,26139
77205,26172
83986,26304
80191,26371
88127,26386
80167,25442
77422,26299
78759,26142
80169,26234
84479,25413
82423,26126
79274,26202
87466,26232
82460,25586
82961,25545
78069,26313
76977,26159
91556,26236
83213,25649
84586,26154
81959,25485
88984,26204
78762,26316
80461,26979
77750,25464
79490,26262
85805,26207
84332,26199
82799,25443
79865,26241
83260,25418
81468,25475
83985,26329
81540,26173
81993,26876
84237,25423
82973,26226
88053,26149
79876,25688
76497,31598
79095,25787
87107,26198
77451,25620
78295,26215
78225,25530
84139,26208
82333,25527
79892,25531
75601,26134
77780,25540
85450,26283
83108,26458
79981,25430
93825,25524
84846,26400
82624,41377
82256,25481
85845,41280
86659,41361
82511,26229
84341,26132
86752,26440
80506,25482
77086,25556
82684,25643
80347,25481
82172,25423
81633,25469
79441,25581
83570,26278
85834,26166
79227,26181
86566,26129
79596,26181
79172,26276
80065,26343
82524,26177
83084,26235
83963,26093
79695,26879
81303,26291
81242,26290
82838,26128
81635,26189
85773,26258
82878,26206
83880,26242
81614,26288
81016,25581
87772,26257
79189,26235
80122,26313
85460,26200
77569,26329
82401,26162
84810,26163
87471,26181
88917,26125
82898,25653
81416,26170
82394,26253
84333,26274
81056,26230
80936,25644
84648,26183
85082,26224
83534,26179
83173,26142
86242,25439
86701,27061
84493,26162
81874,26218
85855,26265
82917,25515
80799,25475
83281,26222
89067,26084
84166,26895
79464,26115
83988,26097
81544,26297
81924,26198
84479,26269
79363,26219
81053,25470
80204,26206
80051,26252
81700,26185
79107,26346
83802,26238
77366,26276
81271,26182
81115,26411
78880,26187
80256,27145
85388,26291
81043,26197
85223,27192
82077,26229
82984,26144
78833,26165
84617,26185
79786,26175
83385,26213
80596,26253
81582,26422
78591,25472
86646,26247
78869,26921
79641,26221
84836,46060
84654,26276
87888,26254
80087,26250
88125,25651
84520,25485
82305,26158
80591,26241
87219,26227
81343,26915
85216,25651
80593,26217
83111,26159
86084,25453
84963,26170
91279,26225
79442,26229
84247,26167
84197,26130
88350,26203
81025,26216
83818,26286
83113,30729
89611,26801
85709,25536
82845,26871
83527,41297
83442,26241
83543,25637
84174,26332
85623,41477
79287,26444
84315,25699
81021,26289
80901,26302
82133,26298
82847,26187
80118,26201
80140,26083
83126,25473
82160,25478
82933,26245
87604,26275
87981,26121
88852,25540
89342,26305
83673,25614
87528,25466
84370,26190
85868,41348
79042,26268
84188,26328
83713,26243
90731,26033
82284,41477
81095,26346
82349,41339
80559,26218
86890,26260
90005,25637
83337,25515
80378,26190
83154,26186
80982,26275
86189,26411
83821,26298
83411,26205
84004,26259
82429,26237
78801,25549
84823,25489
83468,26214
91368,26074
88344,26227
82054,26233
82733,26301
82115,26191
84484,26261
87167,25467
83445,27268
87958,27015
83272,26071
90891,26188
79903,25627
82468,25517
82158,25642
87252,41450
86429,41408
83095,41445
82898,26207
86441,41345
83986,41408
84557,26233
81993,25602
85511,25555
84961,26234
84332,26248
86070,27007
84119,26295
80930,26124
82531,26296
87590,26244
86429,26228
87938,26136
82041,26184
80374,26189
84178,26176
81174,26171
87820,25534
81372,26185
82199,25516
86772,25556
88892,26219
84043,26191
86720,25761
86676,25709
87352,26218
84148,26236
82841,26291
86062,26189
82982,26317
80914,27052
83473,26219
82913,26162
85224,41347
86785,41374
81087,26288
95838,25493
82901,25624
86944,26260
84339,26160
88833,26160
83595,26279
84205,26136
88598,26301
87908,26213
82448,25565
85013,25597
84213,26169
90986,26196
82908,26352
86666,26176
84638,26236
82663,26151
91229,25519
87189,26162
87329,26178
85228,25740
79945,26138
85970,26238
82604,26135
87863,25537
86664,26256
82219,26230
87354,26344
89126,26281
82259,25406
86622,26179
88000,26178
83203,26257
86048,25565
94179,26212
83123,25551
83111,26170
83922,25644
83390,26150
83712,26253
86893,25527
82023,26278
82810,26285
85229,26373
86868,26209
83693,26311
85603,26163
87836,41314
82376,26118
85809,41288
86444,41373
85551,25547
84755,25498
82651,25516
85343,25450
88218,26406
82859,26290
84476,26154
83560,26197
87764,26294
84539,26898
85580,26228
86578,26954
83978,26236
80732,25513
83396,26272
87349,26226
152074,26220
84516,26146
86178,26243
82452,26272
86078,26259
84497,26195
84660,25533
87220,26200
83658,26223
90908,25465
88863,26875
83988,26216
87283,26217
84376,26320
93101,26140
86336,26333
82045,25472
85443,26307
84796,26203
92559,26271
86377,26235
88818,26234
84051,26363
82044,26975
82484,26179
86955,26208
86567,25565
88254,26097
91957,26378
86587,26203
89959,26252
79964,26300
88257,26916
81098,25569
88296,26155
87224,26280
87606,26261
89820,26253
82912,25609
86647,26206
92654,26172
84360,41347
84944,26294
84901,26181
85588,26416
81287,26288
86039,26137
90048,26168
85695,26114
85854,26241
88495,26169
84183,26976
88136,26365
84137,26212
83060,26213
85150,26243
87588,26102
89572,26219
83692,26189
82300,26311
89644,26308
87464,26287
87178,26120
86554,26943
85901,26206
86805,25553
88652,26219
83513,27007
84985,26200
83578,26226
83576,26158
88293,26144
85171,26220
89721,26236
95848,26169
87963,26311
85473,26250
82995,25478
91014,26252
87632,26248
85756,26199
86376,26923
82464,26212
87048,25491
86288,26257
82457,26352
83544,26947
83619,41440
86503,41437
89565,26234
89798,26264
89946,26191
82076,26230
83596,26135
89263,26216
86845,26183
91182,26236
87814,26323
90670,26353
91719,26168
90606,26260
81661,26222
84265,26220
82993,26182
83843,26230
87826,26355
86626,26264
87621,25487
88271,26093
84462,26137
89743,26272
81083,26232
83559,26240
86232,25623
82364,26245
89537,25504
89244,41356
87082,25654
88803,26293
88161,26130
87858,26160
96198,26251
86064,26234
87996,26209
83565,26228
90725,26193
90026,26185
88501,26225
88663,26172
86001,26336
83031,26189
87314,26190
83450,26251
83455,26414
88705,41416
88773,26216
90244,26215
87779,25515
91944,26215
89560,41274
93886,25542
88102,25649
92722,26210
87439,26399
83703,25505
84729,26167
85795,26181
89402,26210
85548,25507
89962,25440
87852,26170
85207,26159
88791,26343
87376,26137
93110,26092
93455,26243
88620,26189
90382,26933
84003,26279
90082,26239
92705,26190
90431,25432
85563,26195
85153,26233
85124,26828
87638,26239
85139,26258
89788,26204
88205,26262
84298,26132
85341,26185
85414,26127
90516,41332
90832,41402
83558,26206
87177,26226
91552,26326
90138,26849
85080,26143
87575,26925
87147,26320
83254,26210
85545,25555
88852,26222
84919,26110
91173,26121
84688,25449
88453,39209
90156,25565
90270,26265
92669,26103
84668,26153
91593,26162
86157,26199
89345,26108
87748,27006
92327,26188
86094,26197
88319,26322
91283,25537
87963,26969
90873,26186
93096,26232
90524,25435
85309,26100
87729,26120
85669,25451
84496,25498
88169,25593
87028,26209
87005,26217
88082,26242
88409,25690
92327,25429
87068,26144
92152,26866
86569,26195
85537,26139
88355,26280
90394,26227
92594,26210
88456,26246
90380,26219
89193,26340
83292,26220
88416,25521
89260,26371
84280,26258
86057,26197
87437,26883
93590,26321
87446,26145
92615,26116
89695,26156
88665,26310
86592,26199
83778,26209
90589,25558
92888,26176
87084,26205
89133,26133
90607,26196
95311,26290
86794,41306
94602,41577
84946,26192
96517,25466
84673,26125
85162,26926
94152,26132
95677,26260
88760,26207
88206,26308
88351,26222
93648,26200
89818,27342
92445,26198
89308,72336
94438,41314
89505,25606
87939,39147
94085,26356
88314,26143
86533,26287
85942,26353
89364,26302
91773,27005
89744,26200
86518,25573
85645,26261
90568,25480
86596,25480
89328,26217
89399,26937
89188,25632
86639,26152
89169,26866
89314,25547
87005,26116
87324,26258
90257,26332
86671,26137
91498,26260
86505,25451
88677,25595
97312,26326
89951,26167
90086,25453
90106,25583
87433,26337
87360,26193
93640,26252
90182,26356
92321,26283
90963,26192
93851,25420
86952,26228
88418,26175
87007,26223
84616,26414
90620,26145
88051,26303
95503,26169
91548,26205
93576,26211
91096,25548
89628,26113
87579,26285
94708,26175
89135,26215
92138,26298
87839,26355
87974,26931
88190,26392
88604,26169
89923,25465
91926,25510
89247,26239
86207,26320
89446,26241
84860,26994
93423,26119
88638,26255
91288,26174
89046,26206
97158,26350
88586,52399
88165,26200
89183,26117
85293,26185
85087,26356
88575,26292
90013,26135
93493,26159
92056,25610
90428,26195
90363,26140
87412,26255
91943,25437
93708,26313
95074,26183
89100,26162
85818,26968
91313,26238
91399,27044
91048,26241
92024,26219
91549,26111
89051,26257
87415,26296
85993,26358
87367,26269
90659,41281
96739,26123
94348,25495
91745,41398
95423,41545
90106,25420
89109,26260
93547,25538
93340,26226
89777,26111
89894,26294
88323,26149
85558,25485
90781,26379
90053,26153
97637,26145
96332,26172
90415,26123
89986,25624
89339,26277
88416,26198
97972,26946
88726,26264
91804,26239
90893,26195
96304,26200
87971,25724
93043,26196
87551,26204
91349,26359
88654,26314
93792,26293
95097,26171
88658,26225
90573,26249
89297,26179
91942,26142
89438,26238
92016,25528
87938,26269
89896,25491
92105,26183
89814,26194
89752,26137
92156,41582
92288,26204
94545,26913
90401,25492
89129,25605
88410,28022
89857,26281
86190,26175
86663,26251
88979,25455
96865,25473
88423,26282
91668,26240
89558,25586
89398,26467
92064,26169
91385,26111
90062,26243
94043,26185
91918,25553
91761,26334
89488,26170
89819,25490
89819,26247
91012,26348
91860,25402
87449,26239
88411,26144
97137,26129
96206,26181
88393,26261
89832,25536
91257,26158
87647,25705
91006,25515
90665,26231
97867,26226
93946,26246
90423,26161
94521,26186
96485,41469
90049,26235
88486,25484
94529,26258
97565,26361
92791,26270
91817,26428
90302,26166
90935,41360
87923,25600
91202,25495
91051,26336
96206,26209
93816,26159
92577,25699
96627,26270
92648,31978
94476,26310
87342,26347
93849,26196
86802,26206
97693,26264
85944,26255
92236,26178
89005,26237
93677,26156
90449,26155
93428,26208
89473,41453
92642,26195
96779,41296
96844,26343
92957,26280
91003,26880
93509,26356
96293,25604
93318,39245
92939,25428
91325,26281
91553,26105
89622,25530
88322,26149
90375,26172
93746,26229
87722,26233
95556,25744
92944,25598
90777,26248
95716,26131
89574,26194
95322,26273
96029,26201
92929,26195
94374,26189
88490,26177
89649,26156
91211,26249
97417,26946
88645,25491
92743,26219
96883,26376
90901,26201
96223,26253
97231,25480
95995,26220
89959,26269
89782,26169
96430,26930
90156,26207
95553,26198
94517,25544
92641,26909
92775,26239
92959,26268
91895,26288
87228,27261
92070,26166
91794,26252
98308,41374
92453,25614
